[(0.0, -0.475), (0.0, 0.475), (17.011248, 0.475), (17.011248, -0.475), (0.0, -0.475)] call_forward
[(193.882624, -0.475), (193.882624, 0.475), (208.117394, 0.475), (208.117394, -0.475), (193.882624, -0.475)] call_forward
[(375.904555, -0.475), (375.904555, 0.475), (389.860253, 0.475), (389.860253, -0.475), (375.904555, -0.475)] call_forward
[(18.462319, -0.475), (18.462319, 0.475), (35.430525, 0.475), (35.430525, -0.475), (18.462319, -0.475)] call_forward:up_pipe
[(209.501329, -0.475), (209.501329, 0.475), (223.741347, 0.475), (223.741347, -0.475), (209.501329, -0.475)] call_forward:up_pipe
[(399.892948, -0.475), (399.892948, 0.475), (414.274949, 0.475), (414.274949, -0.475), (399.892948, -0.475)] call_forward:up_pipe
[(35.713373, -0.475), (35.713373, 0.475), (55.413674, 0.475), (55.413674, -0.475), (35.713373, -0.475)] call_backward:up_pipe
[(223.962562, -0.475), (223.962562, 0.475), (243.825518, 0.475), (243.825518, -0.475), (223.962562, -0.475)] call_backward:up_pipe
[(414.514693, -0.475), (414.514693, 0.475), (434.546865, 0.475), (434.546865, -0.475), (414.514693, -0.475)] call_backward:up_pipe
[(56.525353, -0.475), (56.525353, 0.475), (75.233846, 0.475), (75.233846, -0.475), (56.525353, -0.475)] call_backward
[(244.863086, -0.475), (244.863086, 0.475), (263.678715, 0.475), (263.678715, -0.475), (244.863086, -0.475)] call_backward
[(436.453455, -0.475), (436.453455, 0.475), (455.534204, 0.475), (455.534204, -0.475), (436.453455, -0.475)] call_backward
[(75.23487, -0.475), (75.23487, 0.475), (82.317935, 0.475), (82.317935, -0.475), (75.23487, -0.475)] nb_sync_grad:up_pipe
[(263.679803, -0.475), (263.679803, 0.475), (270.388692, 0.475), (270.388692, -0.475), (263.679803, -0.475)] nb_sync_grad:up_pipe
[(455.535164, -0.475), (455.535164, 0.475), (462.667093, 0.475), (462.667093, -0.475), (455.535164, -0.475)] nb_sync_grad:up_pipe
avg duration 187.9522775
[(0.0, -0.475), (0.0, 0.475), (17.011248, 0.475), (17.011248, -0.475), (0.0, -0.475)] call_forward
[(193.882624, -0.475), (193.882624, 0.475), (208.117394, 0.475), (208.117394, -0.475), (193.882624, -0.475)] call_forward
[(375.904555, -0.475), (375.904555, 0.475), (389.860253, 0.475), (389.860253, -0.475), (375.904555, -0.475)] call_forward
[(18.462319, -0.475), (18.462319, 0.475), (35.430525, 0.475), (35.430525, -0.475), (18.462319, -0.475)] call_forward:up_pipe
[(209.501329, -0.475), (209.501329, 0.475), (223.741347, 0.475), (223.741347, -0.475), (209.501329, -0.475)] call_forward:up_pipe
[(399.892948, -0.475), (399.892948, 0.475), (414.274949, 0.475), (414.274949, -0.475), (399.892948, -0.475)] call_forward:up_pipe
[(35.713373, -0.475), (35.713373, 0.475), (55.413674, 0.475), (55.413674, -0.475), (35.713373, -0.475)] call_backward:up_pipe
[(223.962562, -0.475), (223.962562, 0.475), (243.825518, 0.475), (243.825518, -0.475), (223.962562, -0.475)] call_backward:up_pipe
[(414.514693, -0.475), (414.514693, 0.475), (434.546865, 0.475), (434.546865, -0.475), (414.514693, -0.475)] call_backward:up_pipe
[(56.525353, -0.475), (56.525353, 0.475), (75.233846, 0.475), (75.233846, -0.475), (56.525353, -0.475)] call_backward
[(244.863086, -0.475), (244.863086, 0.475), (263.678715, 0.475), (263.678715, -0.475), (244.863086, -0.475)] call_backward
[(436.453455, -0.475), (436.453455, 0.475), (455.534204, 0.475), (455.534204, -0.475), (436.453455, -0.475)] call_backward
[(75.23487, -0.475), (75.23487, 0.475), (82.317935, 0.475), (82.317935, -0.475), (75.23487, -0.475)] nb_sync_grad:up_pipe
[(263.679803, -0.475), (263.679803, 0.475), (270.388692, 0.475), (270.388692, -0.475), (263.679803, -0.475)] nb_sync_grad:up_pipe
[(455.535164, -0.475), (455.535164, 0.475), (462.667093, 0.475), (462.667093, -0.475), (455.535164, -0.475)] nb_sync_grad:up_pipe
avg duration 187.9522775
[(0.0, -0.475), (0.0, 0.475), (14.599072, 0.475), (14.599072, -0.475), (0.0, -0.475)] call_forward
[(198.150504, -0.475), (198.150504, 0.475), (212.702329, 0.475), (212.702329, -0.475), (198.150504, -0.475)] call_forward
[(400.855764, -0.475), (400.855764, 0.475), (414.989047, 0.475), (414.989047, -0.475), (400.855764, -0.475)] call_forward
[(16.44732, -0.475), (16.44732, 0.475), (31.151635, 0.475), (31.151635, -0.475), (16.44732, -0.475)] call_forward:up_pipe
[(214.574856, -0.475), (214.574856, 0.475), (229.496568, 0.475), (229.496568, -0.475), (214.574856, -0.475)] call_forward:up_pipe
[(423.821438, -0.475), (423.821438, 0.475), (438.650477, 0.475), (438.650477, -0.475), (423.821438, -0.475)] call_forward:up_pipe
[(31.41276, -0.475), (31.41276, 0.475), (53.128983, 0.475), (53.128983, -0.475), (31.41276, -0.475)] call_backward:up_pipe
[(229.873075, -0.475), (229.873075, 0.475), (256.915111, 0.475), (256.915111, -0.475), (229.873075, -0.475)] call_backward:up_pipe
[(438.905107, -0.475), (438.905107, 0.475), (460.230428, 0.475), (460.230428, -0.475), (438.905107, -0.475)] call_backward:up_pipe
[(54.790705, -0.475), (54.790705, 0.475), (75.265667, 0.475), (75.265667, -0.475), (54.790705, -0.475)] call_backward
[(258.537038, -0.475), (258.537038, 0.475), (284.662915, 0.475), (284.662915, -0.475), (258.537038, -0.475)] call_backward
[(461.88396, -0.475), (461.88396, 0.475), (482.117504, 0.475), (482.117504, -0.475), (461.88396, -0.475)] call_backward
[(75.467709, -0.475), (75.467709, 0.475), (82.012837, 0.475), (82.012837, -0.475), (75.467709, -0.475)] nb_sync_grad:up_pipe
[(284.852609, -0.475), (284.852609, 0.475), (291.309192, 0.475), (291.309192, -0.475), (284.852609, -0.475)] nb_sync_grad:up_pipe
[(482.777784, -0.475), (482.777784, 0.475), (489.368368, 0.475), (489.368368, -0.475), (482.777784, -0.475)] nb_sync_grad:up_pipe
avg duration 200.427882
[(0.0, 0.525), (0.0, 1.475), (14.117246, 1.475), (14.117246, 0.525), (0.0, 0.525)] call_forward
[(203.087252, 0.525), (203.087252, 1.475), (217.668792, 1.475), (217.668792, 0.525), (203.087252, 0.525)] call_forward
[(407.45753, 0.525), (407.45753, 1.475), (421.652121, 1.475), (421.652121, 0.525), (407.45753, 0.525)] call_forward
[(18.898398, 0.525), (18.898398, 1.475), (33.725991, 1.475), (33.725991, 0.525), (18.898398, 0.525)] call_forward:up_pipe
[(219.005323, 0.525), (219.005323, 1.475), (233.634768, 1.475), (233.634768, 0.525), (219.005323, 0.525)] call_forward:up_pipe
[(432.579853, 0.525), (432.579853, 1.475), (447.306003, 1.475), (447.306003, 0.525), (432.579853, 0.525)] call_forward:up_pipe
[(33.965609, 0.525), (33.965609, 1.475), (54.29094, 1.475), (54.29094, 0.525), (33.965609, 0.525)] call_backward:up_pipe
[(234.385242, 0.525), (234.385242, 1.475), (254.385256, 1.475), (254.385256, 0.525), (234.385242, 0.525)] call_backward:up_pipe
[(447.582711, 0.525), (447.582711, 1.475), (467.401986, 1.475), (467.401986, 0.525), (447.582711, 0.525)] call_backward:up_pipe
[(56.137813, 0.525), (56.137813, 1.475), (75.565628, 1.475), (75.565628, 0.525), (56.137813, 0.525)] call_backward
[(259.873746, 0.525), (259.873746, 1.475), (279.223511, 1.475), (279.223511, 0.525), (259.873746, 0.525)] call_backward
[(470.696207, 0.525), (470.696207, 1.475), (489.943122, 1.475), (489.943122, 0.525), (470.696207, 0.525)] call_backward
[(75.56678, 0.525), (75.56678, 1.475), (82.276662, 1.475), (82.276662, 0.525), (75.56678, 0.525)] nb_sync_grad:up_pipe
[(279.224759, 0.525), (279.224759, 1.475), (285.647757, 1.475), (285.647757, 0.525), (279.224759, 0.525)] nb_sync_grad:up_pipe
[(490.123221, 0.525), (490.123221, 1.475), (497.288789, 1.475), (497.288789, 0.525), (490.123221, 0.525)] nb_sync_grad:up_pipe
[(0.230089, -0.475), (0.230089, 0.475), (15.950208, 0.475), (15.950208, -0.475), (0.230089, -0.475)] call_forward:up_pipe
[(198.743539, -0.475), (198.743539, 0.475), (213.814435, 0.475), (213.814435, -0.475), (198.743539, -0.475)] call_forward:up_pipe
[(414.773642, -0.475), (414.773642, 0.475), (430.349345, 0.475), (430.349345, -0.475), (414.773642, -0.475)] call_forward:up_pipe
[(17.80815, -0.475), (17.80815, 0.475), (33.375723, 0.475), (33.375723, -0.475), (17.80815, -0.475)] call_forward
[(221.468861, -0.475), (221.468861, 0.475), (237.038386, 0.475), (237.038386, -0.475), (221.468861, -0.475)] call_forward
[(432.205877, -0.475), (432.205877, 0.475), (447.773964, 0.475), (447.773964, -0.475), (432.205877, -0.475)] call_forward
[(33.659311, -0.475), (33.659311, 0.475), (53.886971, 0.475), (53.886971, -0.475), (33.659311, -0.475)] call_backward
[(237.361398, -0.475), (237.361398, 0.475), (257.64861, 0.475), (257.64861, -0.475), (237.361398, -0.475)] call_backward
[(448.040494, -0.475), (448.040494, 0.475), (468.283386, 0.475), (468.283386, -0.475), (448.040494, -0.475)] call_backward
[(56.113173, -0.475), (56.113173, 0.475), (75.464502, 0.475), (75.464502, -0.475), (56.113173, -0.475)] call_backward:up_pipe
[(259.439864, -0.475), (259.439864, 0.475), (278.669111, 0.475), (278.669111, -0.475), (259.439864, -0.475)] call_backward:up_pipe
[(470.21384, -0.475), (470.21384, 0.475), (489.611123, 0.475), (489.611123, -0.475), (470.21384, -0.475)] call_backward:up_pipe
[(75.695513, -0.475), (75.695513, 0.475), (82.260965, 0.475), (82.260965, -0.475), (75.695513, -0.475)] nb_sync_grad
[(278.884187, -0.475), (278.884187, 0.475), (285.637577, 0.475), (285.637577, -0.475), (278.884187, -0.475)] nb_sync_grad
[(490.465693, -0.475), (490.465693, 0.475), (497.286861, 0.475), (497.286861, -0.475), (490.465693, -0.475)] nb_sync_grad
avg duration 203.728765
[(0.0, 0.525), (0.0, 1.475), (15.124458, 1.475), (15.124458, 0.525), (0.0, 0.525)] call_forward
[(204.693887, 0.525), (204.693887, 1.475), (220.494371, 1.475), (220.494371, 0.525), (204.693887, 0.525)] call_forward
[(402.713491, 0.525), (402.713491, 1.475), (417.608286, 1.475), (417.608286, 0.525), (402.713491, 0.525)] call_forward
[(20.855164, 0.525), (20.855164, 1.475), (37.082749, 1.475), (37.082749, 0.525), (20.855164, 0.525)] call_forward:up_pipe
[(222.151927, 0.525), (222.151927, 1.475), (238.322457, 1.475), (238.322457, 0.525), (222.151927, 0.525)] call_forward:up_pipe
[(419.889645, 0.525), (419.889645, 1.475), (436.027054, 1.475), (436.027054, 0.525), (419.889645, 0.525)] call_forward:up_pipe
[(37.2895, 0.525), (37.2895, 1.475), (57.879132, 1.475), (57.879132, 0.525), (37.2895, 0.525)] call_backward:up_pipe
[(238.555639, 0.525), (238.555639, 1.475), (258.985238, 1.475), (258.985238, 0.525), (238.555639, 0.525)] call_backward:up_pipe
[(436.249356, 0.525), (436.249356, 1.475), (456.333328, 1.475), (456.333328, 0.525), (436.249356, 0.525)] call_backward:up_pipe
[(60.423591, 0.525), (60.423591, 1.475), (81.064582, 1.475), (81.064582, 0.525), (60.423591, 0.525)] call_backward
[(263.558835, 0.525), (263.558835, 1.475), (283.202265, 1.475), (283.202265, 0.525), (263.558835, 0.525)] call_backward
[(459.973683, 0.525), (459.973683, 1.475), (479.43993, 1.475), (479.43993, 0.525), (459.973683, 0.525)] call_backward
[(81.06775, 0.525), (81.06775, 1.475), (88.250989, 1.475), (88.250989, 0.525), (81.06775, 0.525)] nb_sync_grad:up_pipe
[(283.203353, 0.525), (283.203353, 1.475), (289.551368, 1.475), (289.551368, 0.525), (283.203353, 0.525)] nb_sync_grad:up_pipe
[(479.640569, 0.525), (479.640569, 1.475), (486.054791, 1.475), (486.054791, 0.525), (479.640569, 0.525)] nb_sync_grad:up_pipe
[(3.289983, -0.475), (3.289983, 0.475), (18.192518, 0.475), (18.192518, -0.475), (3.289983, -0.475)] call_forward:up_pipe
[(203.062228, -0.475), (203.062228, 0.475), (217.963131, 0.475), (217.963131, -0.475), (203.062228, -0.475)] call_forward:up_pipe
[(402.760873, -0.475), (402.760873, 0.475), (417.026645, 0.475), (417.026645, -0.475), (402.760873, -0.475)] call_forward:up_pipe
[(19.813213, -0.475), (19.813213, 0.475), (34.992834, 0.475), (34.992834, -0.475), (19.813213, -0.475)] call_forward
[(223.0751, -0.475), (223.0751, 0.475), (238.624288, 0.475), (238.624288, -0.475), (223.0751, -0.475)] call_forward
[(420.590176, -0.475), (420.590176, 0.475), (436.043011, 0.475), (436.043011, -0.475), (420.590176, -0.475)] call_forward
[(35.202592, -0.475), (35.202592, 0.475), (55.258408, 0.475), (55.258408, -0.475), (35.202592, -0.475)] call_backward
[(238.833055, -0.475), (238.833055, 0.475), (258.548264, 0.475), (258.548264, -0.475), (238.833055, -0.475)] call_backward
[(436.309026, -0.475), (436.309026, 0.475), (455.686669, 0.475), (455.686669, -0.475), (436.309026, -0.475)] call_backward
[(62.128031, -0.475), (62.128031, 0.475), (81.950568, 0.475), (81.950568, -0.475), (62.128031, -0.475)] call_backward:up_pipe
[(263.438795, -0.475), (263.438795, 0.475), (282.507833, 0.475), (282.507833, -0.475), (263.438795, -0.475)] call_backward:up_pipe
[(460.403345, -0.475), (460.403345, 0.475), (479.268353, 0.475), (479.268353, -0.475), (460.403345, -0.475)] call_backward:up_pipe
[(81.951688, -0.475), (81.951688, 0.475), (88.268931, 0.475), (88.268931, -0.475), (81.951688, -0.475)] nb_sync_grad
[(282.508921, -0.475), (282.508921, 0.475), (289.574734, 0.475), (289.574734, -0.475), (282.508921, -0.475)] nb_sync_grad
[(479.482111, -0.475), (479.482111, 0.475), (486.078904, 0.475), (486.078904, -0.475), (479.482111, -0.475)] nb_sync_grad
avg duration 201.3567455
[(0.0, 0.525), (0.0, 1.475), (15.759584, 1.475), (15.759584, 0.525), (0.0, 0.525)] call_forward
[(230.265592, 0.525), (230.265592, 1.475), (245.714713, 1.475), (245.714713, 0.525), (230.265592, 0.525)] call_forward
[(466.151308, 0.525), (466.151308, 1.475), (482.011274, 1.475), (482.011274, 0.525), (466.151308, 0.525)] call_forward
[(23.799438, 0.525), (23.799438, 1.475), (42.479771, 1.475), (42.479771, 0.525), (23.799438, 0.525)] call_forward:up_pipe
[(254.464514, 0.525), (254.464514, 1.475), (272.973073, 1.475), (272.973073, 0.525), (254.464514, 0.525)] call_forward:up_pipe
[(491.040147, 0.525), (491.040147, 1.475), (509.827135, 1.475), (509.827135, 0.525), (491.040147, 0.525)] call_forward:up_pipe
[(42.71033, 0.525), (42.71033, 1.475), (76.662857, 1.475), (76.662857, 0.525), (42.71033, 0.525)] call_backward:up_pipe
[(273.240912, 0.525), (273.240912, 1.475), (306.148325, 1.475), (306.148325, 0.525), (273.240912, 0.525)] call_backward:up_pipe
[(510.094814, 0.525), (510.094814, 1.475), (543.057843, 1.475), (543.057843, 0.525), (510.094814, 0.525)] call_backward:up_pipe
[(86.806443, 0.525), (86.806443, 1.475), (114.654815, 1.475), (114.654815, 0.525), (86.806443, 0.525)] call_backward
[(320.559756, 0.525), (320.559756, 1.475), (348.324513, 1.475), (348.324513, 0.525), (320.559756, 0.525)] call_backward
[(556.5328, 0.525), (556.5328, 1.475), (584.321397, 1.475), (584.321397, 0.525), (556.5328, 0.525)] call_backward
[(114.655871, 0.525), (114.655871, 1.475), (123.092875, 1.475), (123.092875, 0.525), (114.655871, 0.525)] nb_sync_grad:up_pipe
[(348.325697, 0.525), (348.325697, 1.475), (354.769978, 1.475), (354.769978, 0.525), (348.325697, 0.525)] nb_sync_grad:up_pipe
[(584.322453, 0.525), (584.322453, 1.475), (591.303018, 1.475), (591.303018, 0.525), (584.322453, 0.525)] nb_sync_grad:up_pipe
[(1.771423, -0.475), (1.771423, 0.475), (18.491513, 0.475), (18.491513, -0.475), (1.771423, -0.475)] call_forward:up_pipe
[(230.322651, -0.475), (230.322651, 0.475), (246.088892, 0.475), (246.088892, -0.475), (230.322651, -0.475)] call_forward:up_pipe
[(466.380443, -0.475), (466.380443, 0.475), (482.711832, 0.475), (482.711832, -0.475), (466.380443, -0.475)] call_forward:up_pipe
[(21.895998, -0.475), (21.895998, 0.475), (40.664775, 0.475), (40.664775, -0.475), (21.895998, -0.475)] call_forward
[(254.1879, -0.475), (254.1879, 0.475), (273.100228, 0.475), (273.100228, -0.475), (254.1879, -0.475)] call_forward
[(491.124501, -0.475), (491.124501, 0.475), (510.411131, 0.475), (510.411131, -0.475), (491.124501, -0.475)] call_forward
[(40.906085, -0.475), (40.906085, 0.475), (73.940413, 0.475), (73.940413, -0.475), (40.906085, -0.475)] call_backward
[(273.330691, -0.475), (273.330691, 0.475), (306.479098, 0.475), (306.479098, -0.475), (273.330691, -0.475)] call_backward
[(510.654712, -0.475), (510.654712, 0.475), (544.674089, 0.475), (544.674089, -0.475), (510.654712, -0.475)] call_backward
[(88.811654, -0.475), (88.811654, 0.475), (116.6762, 0.475), (116.6762, -0.475), (88.811654, -0.475)] call_backward:up_pipe
[(320.566825, -0.475), (320.566825, 0.475), (348.425642, 0.475), (348.425642, -0.475), (320.566825, -0.475)] call_backward:up_pipe
[(556.797191, -0.475), (556.797191, 0.475), (584.648009, 0.475), (584.648009, -0.475), (556.797191, -0.475)] call_backward:up_pipe
[(116.677256, -0.475), (116.677256, 0.475), (123.091669, 0.475), (123.091669, -0.475), (116.677256, -0.475)] nb_sync_grad
[(348.426922, -0.475), (348.426922, 0.475), (354.754072, 0.475), (354.754072, -0.475), (348.426922, -0.475)] nb_sync_grad
[(584.649129, -0.475), (584.649129, 0.475), (591.308404, 0.475), (591.308404, -0.475), (584.649129, -0.475)] nb_sync_grad
avg duration 233.075654
[(0.0, 0.525), (0.0, 1.475), (15.472186, 1.475), (15.472186, 0.525), (0.0, 0.525)] call_forward
[(217.359558, 0.525), (217.359558, 1.475), (232.515329, 1.475), (232.515329, 0.525), (217.359558, 0.525)] call_forward
[(424.947301, 0.525), (424.947301, 1.475), (439.884032, 1.475), (439.884032, 0.525), (424.947301, 0.525)] call_forward
[(22.131529, 0.525), (22.131529, 1.475), (39.581438, 1.475), (39.581438, 0.525), (22.131529, 0.525)] call_forward:up_pipe
[(237.435444, 0.525), (237.435444, 1.475), (254.170923, 1.475), (254.170923, 0.525), (237.435444, 0.525)] call_forward:up_pipe
[(445.01874, 0.525), (445.01874, 1.475), (461.654859, 1.475), (461.654859, 0.525), (445.01874, 0.525)] call_forward:up_pipe
[(39.826014, 0.525), (39.826014, 1.475), (66.5839, 1.475), (66.5839, 0.525), (39.826014, 0.525)] call_backward:up_pipe
[(254.394187, 0.525), (254.394187, 1.475), (274.532729, 1.475), (274.532729, 0.525), (254.394187, 0.525)] call_backward:up_pipe
[(461.866282, 0.525), (461.866282, 1.475), (481.961177, 1.475), (481.961177, 0.525), (461.866282, 0.525)] call_backward:up_pipe
[(71.202672, 0.525), (71.202672, 1.475), (93.752088, 1.475), (93.752088, 0.525), (71.202672, 0.525)] call_backward
[(282.004967, 0.525), (282.004967, 1.475), (301.630038, 1.475), (301.630038, 0.525), (282.004967, 0.525)] call_backward
[(490.634499, 0.525), (490.634499, 1.475), (510.431378, 1.475), (510.431378, 0.525), (490.634499, 0.525)] call_backward
[(93.808472, 0.525), (93.808472, 1.475), (101.295109, 1.475), (101.295109, 0.525), (93.808472, 0.525)] nb_sync_grad:up_pipe
[(301.631222, 0.525), (301.631222, 1.475), (307.952167, 1.475), (307.952167, 0.525), (301.631222, 0.525)] nb_sync_grad:up_pipe
[(510.662705, 0.525), (510.662705, 1.475), (517.262241, 1.475), (517.262241, 0.525), (510.662705, 0.525)] nb_sync_grad:up_pipe
[(2.285688, -0.475), (2.285688, 0.475), (17.819669, 0.475), (17.819669, -0.475), (2.285688, -0.475)] call_forward:up_pipe
[(216.98502, -0.475), (216.98502, 0.475), (232.063867, 0.475), (232.063867, -0.475), (216.98502, -0.475)] call_forward:up_pipe
[(424.518751, -0.475), (424.518751, 0.475), (439.628735, 0.475), (439.628735, -0.475), (424.518751, -0.475)] call_forward:up_pipe
[(20.209067, -0.475), (20.209067, 0.475), (36.858084, 0.475), (36.858084, -0.475), (20.209067, -0.475)] call_forward
[(236.938087, -0.475), (236.938087, 0.475), (253.758718, 0.475), (253.758718, -0.475), (236.938087, -0.475)] call_forward
[(447.926587, -0.475), (447.926587, 0.475), (464.720338, 0.475), (464.720338, -0.475), (447.926587, -0.475)] call_forward
[(37.122818, -0.475), (37.122818, 0.475), (57.987401, 0.475), (57.987401, -0.475), (37.122818, -0.475)] call_backward
[(254.010589, -0.475), (254.010589, 0.475), (274.155014, 0.475), (274.155014, -0.475), (254.010589, -0.475)] call_backward
[(464.993553, -0.475), (464.993553, 0.475), (485.328474, 0.475), (485.328474, -0.475), (464.993553, -0.475)] call_backward
[(74.073955, -0.475), (74.073955, 0.475), (94.48526, 0.475), (94.48526, -0.475), (74.073955, -0.475)] call_backward:up_pipe
[(279.977421, -0.475), (279.977421, 0.475), (299.948184, 0.475), (299.948184, -0.475), (279.977421, -0.475)] call_backward:up_pipe
[(488.222925, -0.475), (488.222925, 0.475), (508.350551, 0.475), (508.350551, -0.475), (488.222925, -0.475)] call_backward:up_pipe
[(94.491884, -0.475), (94.491884, 0.475), (100.913584, 0.475), (100.913584, -0.475), (94.491884, -0.475)] nb_sync_grad
[(299.949272, -0.475), (299.949272, 0.475), (307.584054, 0.475), (307.584054, -0.475), (299.949272, -0.475)] nb_sync_grad
[(508.631797, -0.475), (508.631797, 0.475), (516.886865, 0.475), (516.886865, -0.475), (508.631797, -0.475)] nb_sync_grad
avg duration 212.4736505
[(0.0, 0.525), (0.0, 1.475), (16.17873, 1.475), (16.17873, 0.525), (0.0, 0.525)] call_forward
[(288.801326, 0.525), (288.801326, 1.475), (304.439996, 1.475), (304.439996, 0.525), (288.801326, 0.525)] call_forward
[(23.753843, 0.525), (23.753843, 1.475), (42.548683, 1.475), (42.548683, 0.525), (23.753843, 0.525)] call_forward:up_pipe
[(313.491962, 0.525), (313.491962, 1.475), (331.933621, 1.475), (331.933621, 0.525), (313.491962, 0.525)] call_forward:up_pipe
[(42.894568, 0.525), (42.894568, 1.475), (75.954104, 1.475), (75.954104, 0.525), (42.894568, 0.525)] call_backward:up_pipe
[(332.247826, 0.525), (332.247826, 1.475), (365.269474, 1.475), (365.269474, 0.525), (332.247826, 0.525)] call_backward:up_pipe
[(89.637365, 0.525), (89.637365, 1.475), (117.428106, 1.475), (117.428106, 0.525), (89.637365, 0.525)] call_backward
[(379.639578, 0.525), (379.639578, 1.475), (407.417359, 1.475), (407.417359, 0.525), (379.639578, 0.525)] call_backward
[(117.429162, 0.525), (117.429162, 1.475), (124.523863, 1.475), (124.523863, 0.525), (117.429162, 0.525)] nb_sync_grad:up_pipe
[(407.418415, 0.525), (407.418415, 1.475), (423.152958, 1.475), (423.152958, 0.525), (407.418415, 0.525)] nb_sync_grad:up_pipe
[(0.016621, -0.475), (0.016621, 0.475), (15.721688, 0.475), (15.721688, -0.475), (0.016621, -0.475)] call_forward:up_pipe
[(290.973435, -0.475), (290.973435, 0.475), (307.771393, 0.475), (307.771393, -0.475), (290.973435, -0.475)] call_forward:up_pipe
[(540.56814, -0.475), (540.56814, 0.475), (557.424367, 0.475), (557.424367, -0.475), (540.56814, -0.475)] call_forward:up_pipe
[(22.113013, -0.475), (22.113013, 0.475), (40.922862, 0.475), (40.922862, -0.475), (22.113013, -0.475)] call_forward
[(311.272077, -0.475), (311.272077, 0.475), (330.534405, 0.475), (330.534405, -0.475), (311.272077, -0.475)] call_forward
[(560.481695, -0.475), (560.481695, 0.475), (579.75183, 0.475), (579.75183, -0.475), (560.481695, -0.475)] call_forward
[(41.157933, -0.475), (41.157933, 0.475), (74.251673, 0.475), (74.251673, -0.475), (41.157933, -0.475)] call_backward
[(330.886082, -0.475), (330.886082, 0.475), (366.672159, 0.475), (366.672159, -0.475), (330.886082, -0.475)] call_backward
[(580.009684, -0.475), (580.009684, 0.475), (613.060929, 0.475), (613.060929, -0.475), (580.009684, -0.475)] call_backward
[(88.295565, -0.475), (88.295565, 0.475), (116.226324, 0.475), (116.226324, -0.475), (88.295565, -0.475)] call_backward:up_pipe
[(381.503695, -0.475), (381.503695, 0.475), (416.709647, 0.475), (416.709647, -0.475), (381.503695, -0.475)] call_backward:up_pipe
[(626.615927, -0.475), (626.615927, 0.475), (655.986486, 0.475), (655.986486, -0.475), (626.615927, -0.475)] call_backward:up_pipe
[(116.227636, -0.475), (116.227636, 0.475), (124.725894, 0.475), (124.725894, -0.475), (116.227636, -0.475)] nb_sync_grad
[(416.710831, -0.475), (416.710831, 0.475), (423.372906, 0.475), (423.372906, -0.475), (416.710831, -0.475)] nb_sync_grad
[(655.987766, -0.475), (655.987766, 0.475), (662.829393, 0.475), (662.829393, -0.475), (655.987766, -0.475)] nb_sync_grad
[(0.0, 0.525), (0.0, 1.475), (16.17873, 1.475), (16.17873, 0.525), (0.0, 0.525)] call_forward
[(288.801326, 0.525), (288.801326, 1.475), (304.439996, 1.475), (304.439996, 0.525), (288.801326, 0.525)] call_forward
[(23.753843, 0.525), (23.753843, 1.475), (42.548683, 1.475), (42.548683, 0.525), (23.753843, 0.525)] call_forward:up_pipe
[(313.491962, 0.525), (313.491962, 1.475), (331.933621, 1.475), (331.933621, 0.525), (313.491962, 0.525)] call_forward:up_pipe
[(42.894568, 0.525), (42.894568, 1.475), (75.954104, 1.475), (75.954104, 0.525), (42.894568, 0.525)] call_backward:up_pipe
[(332.247826, 0.525), (332.247826, 1.475), (365.269474, 1.475), (365.269474, 0.525), (332.247826, 0.525)] call_backward:up_pipe
[(89.637365, 0.525), (89.637365, 1.475), (117.428106, 1.475), (117.428106, 0.525), (89.637365, 0.525)] call_backward
[(379.639578, 0.525), (379.639578, 1.475), (407.417359, 1.475), (407.417359, 0.525), (379.639578, 0.525)] call_backward
[(117.429162, 0.525), (117.429162, 1.475), (124.523863, 1.475), (124.523863, 0.525), (117.429162, 0.525)] nb_sync_grad:up_pipe
[(407.418415, 0.525), (407.418415, 1.475), (423.152958, 1.475), (423.152958, 0.525), (407.418415, 0.525)] nb_sync_grad:up_pipe
[(0.016621, -0.475), (0.016621, 0.475), (15.721688, 0.475), (15.721688, -0.475), (0.016621, -0.475)] call_forward:up_pipe
[(290.973435, -0.475), (290.973435, 0.475), (307.771393, 0.475), (307.771393, -0.475), (290.973435, -0.475)] call_forward:up_pipe
[(540.56814, -0.475), (540.56814, 0.475), (557.424367, 0.475), (557.424367, -0.475), (540.56814, -0.475)] call_forward:up_pipe
[(22.113013, -0.475), (22.113013, 0.475), (40.922862, 0.475), (40.922862, -0.475), (22.113013, -0.475)] call_forward
[(311.272077, -0.475), (311.272077, 0.475), (330.534405, 0.475), (330.534405, -0.475), (311.272077, -0.475)] call_forward
[(560.481695, -0.475), (560.481695, 0.475), (579.75183, 0.475), (579.75183, -0.475), (560.481695, -0.475)] call_forward
[(41.157933, -0.475), (41.157933, 0.475), (74.251673, 0.475), (74.251673, -0.475), (41.157933, -0.475)] call_backward
[(330.886082, -0.475), (330.886082, 0.475), (366.672159, 0.475), (366.672159, -0.475), (330.886082, -0.475)] call_backward
[(580.009684, -0.475), (580.009684, 0.475), (613.060929, 0.475), (613.060929, -0.475), (580.009684, -0.475)] call_backward
[(88.295565, -0.475), (88.295565, 0.475), (116.226324, 0.475), (116.226324, -0.475), (88.295565, -0.475)] call_backward:up_pipe
[(381.503695, -0.475), (381.503695, 0.475), (416.709647, 0.475), (416.709647, -0.475), (381.503695, -0.475)] call_backward:up_pipe
[(626.615927, -0.475), (626.615927, 0.475), (655.986486, 0.475), (655.986486, -0.475), (626.615927, -0.475)] call_backward:up_pipe
[(116.227636, -0.475), (116.227636, 0.475), (124.725894, 0.475), (124.725894, -0.475), (116.227636, -0.475)] nb_sync_grad
[(416.710831, -0.475), (416.710831, 0.475), (423.372906, 0.475), (423.372906, -0.475), (416.710831, -0.475)] nb_sync_grad
[(655.987766, -0.475), (655.987766, 0.475), (662.829393, 0.475), (662.829393, -0.475), (655.987766, -0.475)] nb_sync_grad
[(0.0, 0.525), (0.0, 1.475), (16.17873, 1.475), (16.17873, 0.525), (0.0, 0.525)] call_forward
[(288.801326, 0.525), (288.801326, 1.475), (304.439996, 1.475), (304.439996, 0.525), (288.801326, 0.525)] call_forward
[(23.753843, 0.525), (23.753843, 1.475), (42.548683, 1.475), (42.548683, 0.525), (23.753843, 0.525)] call_forward:up_pipe
[(313.491962, 0.525), (313.491962, 1.475), (331.933621, 1.475), (331.933621, 0.525), (313.491962, 0.525)] call_forward:up_pipe
[(42.894568, 0.525), (42.894568, 1.475), (75.954104, 1.475), (75.954104, 0.525), (42.894568, 0.525)] call_backward:up_pipe
[(332.247826, 0.525), (332.247826, 1.475), (365.269474, 1.475), (365.269474, 0.525), (332.247826, 0.525)] call_backward:up_pipe
[(89.637365, 0.525), (89.637365, 1.475), (117.428106, 1.475), (117.428106, 0.525), (89.637365, 0.525)] call_backward
[(379.639578, 0.525), (379.639578, 1.475), (407.417359, 1.475), (407.417359, 0.525), (379.639578, 0.525)] call_backward
[(117.429162, 0.525), (117.429162, 1.475), (124.523863, 1.475), (124.523863, 0.525), (117.429162, 0.525)] nb_sync_grad:up_pipe
[(407.418415, 0.525), (407.418415, 1.475), (423.152958, 1.475), (423.152958, 0.525), (407.418415, 0.525)] nb_sync_grad:up_pipe
[(0.016621, -0.475), (0.016621, 0.475), (15.721688, 0.475), (15.721688, -0.475), (0.016621, -0.475)] call_forward:up_pipe
[(290.973435, -0.475), (290.973435, 0.475), (307.771393, 0.475), (307.771393, -0.475), (290.973435, -0.475)] call_forward:up_pipe
[(540.56814, -0.475), (540.56814, 0.475), (557.424367, 0.475), (557.424367, -0.475), (540.56814, -0.475)] call_forward:up_pipe
[(22.113013, -0.475), (22.113013, 0.475), (40.922862, 0.475), (40.922862, -0.475), (22.113013, -0.475)] call_forward
[(311.272077, -0.475), (311.272077, 0.475), (330.534405, 0.475), (330.534405, -0.475), (311.272077, -0.475)] call_forward
[(560.481695, -0.475), (560.481695, 0.475), (579.75183, 0.475), (579.75183, -0.475), (560.481695, -0.475)] call_forward
[(41.157933, -0.475), (41.157933, 0.475), (74.251673, 0.475), (74.251673, -0.475), (41.157933, -0.475)] call_backward
[(330.886082, -0.475), (330.886082, 0.475), (366.672159, 0.475), (366.672159, -0.475), (330.886082, -0.475)] call_backward
[(580.009684, -0.475), (580.009684, 0.475), (613.060929, 0.475), (613.060929, -0.475), (580.009684, -0.475)] call_backward
[(88.295565, -0.475), (88.295565, 0.475), (116.226324, 0.475), (116.226324, -0.475), (88.295565, -0.475)] call_backward:up_pipe
[(381.503695, -0.475), (381.503695, 0.475), (416.709647, 0.475), (416.709647, -0.475), (381.503695, -0.475)] call_backward:up_pipe
[(626.615927, -0.475), (626.615927, 0.475), (655.986486, 0.475), (655.986486, -0.475), (626.615927, -0.475)] call_backward:up_pipe
[(116.227636, -0.475), (116.227636, 0.475), (124.725894, 0.475), (124.725894, -0.475), (116.227636, -0.475)] nb_sync_grad
[(416.710831, -0.475), (416.710831, 0.475), (423.372906, 0.475), (423.372906, -0.475), (416.710831, -0.475)] nb_sync_grad
[(655.987766, -0.475), (655.987766, 0.475), (662.829393, 0.475), (662.829393, -0.475), (655.987766, -0.475)] nb_sync_grad
[(0.0, 0.525), (0.0, 1.475), (16.17873, 1.475), (16.17873, 0.525), (0.0, 0.525)] call_forward
[(288.801326, 0.525), (288.801326, 1.475), (304.439996, 1.475), (304.439996, 0.525), (288.801326, 0.525)] call_forward
[(23.753843, 0.525), (23.753843, 1.475), (42.548683, 1.475), (42.548683, 0.525), (23.753843, 0.525)] call_forward:up_pipe
[(313.491962, 0.525), (313.491962, 1.475), (331.933621, 1.475), (331.933621, 0.525), (313.491962, 0.525)] call_forward:up_pipe
[(42.894568, 0.525), (42.894568, 1.475), (75.954104, 1.475), (75.954104, 0.525), (42.894568, 0.525)] call_backward:up_pipe
[(332.247826, 0.525), (332.247826, 1.475), (365.269474, 1.475), (365.269474, 0.525), (332.247826, 0.525)] call_backward:up_pipe
[(89.637365, 0.525), (89.637365, 1.475), (117.428106, 1.475), (117.428106, 0.525), (89.637365, 0.525)] call_backward
[(379.639578, 0.525), (379.639578, 1.475), (407.417359, 1.475), (407.417359, 0.525), (379.639578, 0.525)] call_backward
[(117.429162, 0.525), (117.429162, 1.475), (124.523863, 1.475), (124.523863, 0.525), (117.429162, 0.525)] nb_sync_grad:up_pipe
[(407.418415, 0.525), (407.418415, 1.475), (423.152958, 1.475), (423.152958, 0.525), (407.418415, 0.525)] nb_sync_grad:up_pipe
[(0.016621, -0.475), (0.016621, 0.475), (15.721688, 0.475), (15.721688, -0.475), (0.016621, -0.475)] call_forward:up_pipe
[(290.973435, -0.475), (290.973435, 0.475), (307.771393, 0.475), (307.771393, -0.475), (290.973435, -0.475)] call_forward:up_pipe
[(540.56814, -0.475), (540.56814, 0.475), (557.424367, 0.475), (557.424367, -0.475), (540.56814, -0.475)] call_forward:up_pipe
[(22.113013, -0.475), (22.113013, 0.475), (40.922862, 0.475), (40.922862, -0.475), (22.113013, -0.475)] call_forward
[(311.272077, -0.475), (311.272077, 0.475), (330.534405, 0.475), (330.534405, -0.475), (311.272077, -0.475)] call_forward
[(560.481695, -0.475), (560.481695, 0.475), (579.75183, 0.475), (579.75183, -0.475), (560.481695, -0.475)] call_forward
[(41.157933, -0.475), (41.157933, 0.475), (74.251673, 0.475), (74.251673, -0.475), (41.157933, -0.475)] call_backward
[(330.886082, -0.475), (330.886082, 0.475), (366.672159, 0.475), (366.672159, -0.475), (330.886082, -0.475)] call_backward
[(580.009684, -0.475), (580.009684, 0.475), (613.060929, 0.475), (613.060929, -0.475), (580.009684, -0.475)] call_backward
[(88.295565, -0.475), (88.295565, 0.475), (116.226324, 0.475), (116.226324, -0.475), (88.295565, -0.475)] call_backward:up_pipe
[(381.503695, -0.475), (381.503695, 0.475), (416.709647, 0.475), (416.709647, -0.475), (381.503695, -0.475)] call_backward:up_pipe
[(626.615927, -0.475), (626.615927, 0.475), (655.986486, 0.475), (655.986486, -0.475), (626.615927, -0.475)] call_backward:up_pipe
[(116.227636, -0.475), (116.227636, 0.475), (124.725894, 0.475), (124.725894, -0.475), (116.227636, -0.475)] nb_sync_grad
[(416.710831, -0.475), (416.710831, 0.475), (423.372906, 0.475), (423.372906, -0.475), (416.710831, -0.475)] nb_sync_grad
[(655.987766, -0.475), (655.987766, 0.475), (662.829393, 0.475), (662.829393, -0.475), (655.987766, -0.475)] nb_sync_grad
[{'start_end': [(4194463028, 4317460846), (4485247924, 4616490792), (4734716621, 5211636033)], 'call_forward': [(4196953101, 4213131831), (4485754427, 4501393097), (None, None)], 'call_forward:up_pipe': [(4220706944, 4239501784), (4510445063, 4528886722), (None, None)], 'call_backward:up_pipe': [(4239847669, 4272907205), (4529200927, 4562222575), (None, None)], 'call_backward': [(4286590466, 4314381207), (4576592679, 4604370460), (None, None)], 'nb_sync_grad:up_pipe': [(4314382263, 4321476964), (4604371516, 4620106059)]}, {'start_end': [(4194700633, 4318665999), (4485462240, 4616489315), (4734931953, 4856134094)], 'call_forward:up_pipe': [(4196969722, 4212674789), (4487926536, 4504724494), (4737521241, 4754377468)], 'call_forward': [(4219066114, 4237875963), (4508225178, 4527487506), (4757434796, 4776704931)], 'call_backward': [(4238111034, 4271204774), (4527839183, 4563625260), (4776962785, 4810014030)], 'call_backward:up_pipe': [(4285248666, 4313179425), (4578456796, 4613662748), (4823569028, 4852939587)], 'nb_sync_grad': [(4313180737, 4321678995), (4613663932, 4620326007), (4852940867, 4859782494)]}]
[(0.0, 0.525), (0.0, 1.475), (16.17873, 1.475), (16.17873, 0.525), (0.0, 0.525)] call_forward
[(288.801326, 0.525), (288.801326, 1.475), (304.439996, 1.475), (304.439996, 0.525), (288.801326, 0.525)] call_forward
[(23.753843, 0.525), (23.753843, 1.475), (42.548683, 1.475), (42.548683, 0.525), (23.753843, 0.525)] call_forward:up_pipe
[(313.491962, 0.525), (313.491962, 1.475), (331.933621, 1.475), (331.933621, 0.525), (313.491962, 0.525)] call_forward:up_pipe
[(42.894568, 0.525), (42.894568, 1.475), (75.954104, 1.475), (75.954104, 0.525), (42.894568, 0.525)] call_backward:up_pipe
[(332.247826, 0.525), (332.247826, 1.475), (365.269474, 1.475), (365.269474, 0.525), (332.247826, 0.525)] call_backward:up_pipe
[(89.637365, 0.525), (89.637365, 1.475), (117.428106, 1.475), (117.428106, 0.525), (89.637365, 0.525)] call_backward
[(379.639578, 0.525), (379.639578, 1.475), (407.417359, 1.475), (407.417359, 0.525), (379.639578, 0.525)] call_backward
[(117.429162, 0.525), (117.429162, 1.475), (124.523863, 1.475), (124.523863, 0.525), (117.429162, 0.525)] nb_sync_grad:up_pipe
[(407.418415, 0.525), (407.418415, 1.475), (423.152958, 1.475), (423.152958, 0.525), (407.418415, 0.525)] nb_sync_grad:up_pipe
[(0.016621, -0.475), (0.016621, 0.475), (15.721688, 0.475), (15.721688, -0.475), (0.016621, -0.475)] call_forward:up_pipe
[(290.973435, -0.475), (290.973435, 0.475), (307.771393, 0.475), (307.771393, -0.475), (290.973435, -0.475)] call_forward:up_pipe
[(540.56814, -0.475), (540.56814, 0.475), (557.424367, 0.475), (557.424367, -0.475), (540.56814, -0.475)] call_forward:up_pipe
[(22.113013, -0.475), (22.113013, 0.475), (40.922862, 0.475), (40.922862, -0.475), (22.113013, -0.475)] call_forward
[(311.272077, -0.475), (311.272077, 0.475), (330.534405, 0.475), (330.534405, -0.475), (311.272077, -0.475)] call_forward
[(560.481695, -0.475), (560.481695, 0.475), (579.75183, 0.475), (579.75183, -0.475), (560.481695, -0.475)] call_forward
[(41.157933, -0.475), (41.157933, 0.475), (74.251673, 0.475), (74.251673, -0.475), (41.157933, -0.475)] call_backward
[(330.886082, -0.475), (330.886082, 0.475), (366.672159, 0.475), (366.672159, -0.475), (330.886082, -0.475)] call_backward
[(580.009684, -0.475), (580.009684, 0.475), (613.060929, 0.475), (613.060929, -0.475), (580.009684, -0.475)] call_backward
[(88.295565, -0.475), (88.295565, 0.475), (116.226324, 0.475), (116.226324, -0.475), (88.295565, -0.475)] call_backward:up_pipe
[(381.503695, -0.475), (381.503695, 0.475), (416.709647, 0.475), (416.709647, -0.475), (381.503695, -0.475)] call_backward:up_pipe
[(626.615927, -0.475), (626.615927, 0.475), (655.986486, 0.475), (655.986486, -0.475), (626.615927, -0.475)] call_backward:up_pipe
[(116.227636, -0.475), (116.227636, 0.475), (124.725894, 0.475), (124.725894, -0.475), (116.227636, -0.475)] nb_sync_grad
[(416.710831, -0.475), (416.710831, 0.475), (423.372906, 0.475), (423.372906, -0.475), (416.710831, -0.475)] nb_sync_grad
[(655.987766, -0.475), (655.987766, 0.475), (662.829393, 0.475), (662.829393, -0.475), (655.987766, -0.475)] nb_sync_grad
[{'start_end': [(4194463028, 4317460846), (4485247924, 4616490792), (4734716621, 5211636033)], 'call_forward': [(4196953101, 4213131831), (4485754427, 4501393097), (None, None)], 'call_forward:up_pipe': [(4220706944, 4239501784), (4510445063, 4528886722), (None, None)], 'call_backward:up_pipe': [(4239847669, 4272907205), (4529200927, 4562222575), (None, None)], 'call_backward': [(4286590466, 4314381207), (4576592679, 4604370460), (None, None)], 'nb_sync_grad:up_pipe': [(4314382263, 4321476964), (4604371516, 4620106059)]}, {'start_end': [(4194700633, 4318665999), (4485462240, 4616489315), (4734931953, 4856134094)], 'call_forward:up_pipe': [(4196969722, 4212674789), (4487926536, 4504724494), (4737521241, 4754377468)], 'call_forward': [(4219066114, 4237875963), (4508225178, 4527487506), (4757434796, 4776704931)], 'call_backward': [(4238111034, 4271204774), (4527839183, 4563625260), (4776962785, 4810014030)], 'call_backward:up_pipe': [(4285248666, 4313179425), (4578456796, 4613662748), (4823569028, 4852939587)], 'nb_sync_grad': [(4313180737, 4321678995), (4613663932, 4620326007), (4852940867, 4859782494)]}]
[(0.0, 0.525), (0.0, 1.475), (16.17873, 1.475), (16.17873, 0.525), (0.0, 0.525)] call_forward
[(288.801326, 0.525), (288.801326, 1.475), (304.439996, 1.475), (304.439996, 0.525), (288.801326, 0.525)] call_forward
[(23.753843, 0.525), (23.753843, 1.475), (42.548683, 1.475), (42.548683, 0.525), (23.753843, 0.525)] call_forward:up_pipe
[(313.491962, 0.525), (313.491962, 1.475), (331.933621, 1.475), (331.933621, 0.525), (313.491962, 0.525)] call_forward:up_pipe
[(42.894568, 0.525), (42.894568, 1.475), (75.954104, 1.475), (75.954104, 0.525), (42.894568, 0.525)] call_backward:up_pipe
[(332.247826, 0.525), (332.247826, 1.475), (365.269474, 1.475), (365.269474, 0.525), (332.247826, 0.525)] call_backward:up_pipe
[(89.637365, 0.525), (89.637365, 1.475), (117.428106, 1.475), (117.428106, 0.525), (89.637365, 0.525)] call_backward
[(379.639578, 0.525), (379.639578, 1.475), (407.417359, 1.475), (407.417359, 0.525), (379.639578, 0.525)] call_backward
[(117.429162, 0.525), (117.429162, 1.475), (124.523863, 1.475), (124.523863, 0.525), (117.429162, 0.525)] nb_sync_grad:up_pipe
[(407.418415, 0.525), (407.418415, 1.475), (423.152958, 1.475), (423.152958, 0.525), (407.418415, 0.525)] nb_sync_grad:up_pipe
[(0.016621, -0.475), (0.016621, 0.475), (15.721688, 0.475), (15.721688, -0.475), (0.016621, -0.475)] call_forward:up_pipe
[(290.973435, -0.475), (290.973435, 0.475), (307.771393, 0.475), (307.771393, -0.475), (290.973435, -0.475)] call_forward:up_pipe
[(540.56814, -0.475), (540.56814, 0.475), (557.424367, 0.475), (557.424367, -0.475), (540.56814, -0.475)] call_forward:up_pipe
[(22.113013, -0.475), (22.113013, 0.475), (40.922862, 0.475), (40.922862, -0.475), (22.113013, -0.475)] call_forward
[(311.272077, -0.475), (311.272077, 0.475), (330.534405, 0.475), (330.534405, -0.475), (311.272077, -0.475)] call_forward
[(560.481695, -0.475), (560.481695, 0.475), (579.75183, 0.475), (579.75183, -0.475), (560.481695, -0.475)] call_forward
[(41.157933, -0.475), (41.157933, 0.475), (74.251673, 0.475), (74.251673, -0.475), (41.157933, -0.475)] call_backward
[(330.886082, -0.475), (330.886082, 0.475), (366.672159, 0.475), (366.672159, -0.475), (330.886082, -0.475)] call_backward
[(580.009684, -0.475), (580.009684, 0.475), (613.060929, 0.475), (613.060929, -0.475), (580.009684, -0.475)] call_backward
[(88.295565, -0.475), (88.295565, 0.475), (116.226324, 0.475), (116.226324, -0.475), (88.295565, -0.475)] call_backward:up_pipe
[(381.503695, -0.475), (381.503695, 0.475), (416.709647, 0.475), (416.709647, -0.475), (381.503695, -0.475)] call_backward:up_pipe
[(626.615927, -0.475), (626.615927, 0.475), (655.986486, 0.475), (655.986486, -0.475), (626.615927, -0.475)] call_backward:up_pipe
[(116.227636, -0.475), (116.227636, 0.475), (124.725894, 0.475), (124.725894, -0.475), (116.227636, -0.475)] nb_sync_grad
[(416.710831, -0.475), (416.710831, 0.475), (423.372906, 0.475), (423.372906, -0.475), (416.710831, -0.475)] nb_sync_grad
[(655.987766, -0.475), (655.987766, 0.475), (662.829393, 0.475), (662.829393, -0.475), (655.987766, -0.475)] nb_sync_grad
---shit----
[{'start_end': [(4194463028, 4317460846), (4485247924, 4616490792), (4734716621, 5211636033)], 'call_forward': [(4196953101, 4213131831), (4485754427, 4501393097), (None, None)], 'call_forward:up_pipe': [(4220706944, 4239501784), (4510445063, 4528886722), (None, None)], 'call_backward:up_pipe': [(4239847669, 4272907205), (4529200927, 4562222575), (None, None)], 'call_backward': [(4286590466, 4314381207), (4576592679, 4604370460), (None, None)], 'nb_sync_grad:up_pipe': [(4314382263, 4321476964), (4604371516, 4620106059)]}, {'start_end': [(4194700633, 4318665999), (4485462240, 4616489315), (4734931953, 4856134094)], 'call_forward:up_pipe': [(4196969722, 4212674789), (4487926536, 4504724494), (4737521241, 4754377468)], 'call_forward': [(4219066114, 4237875963), (4508225178, 4527487506), (4757434796, 4776704931)], 'call_backward': [(4238111034, 4271204774), (4527839183, 4563625260), (4776962785, 4810014030)], 'call_backward:up_pipe': [(4285248666, 4313179425), (4578456796, 4613662748), (4823569028, 4852939587)], 'nb_sync_grad': [(4313180737, 4321678995), (4613663932, 4620326007), (4852940867, 4859782494)]}]
[(0.0, 0.525), (0.0, 1.475), (16.17873, 1.475), (16.17873, 0.525), (0.0, 0.525)] call_forward
[(288.801326, 0.525), (288.801326, 1.475), (304.439996, 1.475), (304.439996, 0.525), (288.801326, 0.525)] call_forward
[(23.753843, 0.525), (23.753843, 1.475), (42.548683, 1.475), (42.548683, 0.525), (23.753843, 0.525)] call_forward:up_pipe
[(313.491962, 0.525), (313.491962, 1.475), (331.933621, 1.475), (331.933621, 0.525), (313.491962, 0.525)] call_forward:up_pipe
[(42.894568, 0.525), (42.894568, 1.475), (75.954104, 1.475), (75.954104, 0.525), (42.894568, 0.525)] call_backward:up_pipe
[(332.247826, 0.525), (332.247826, 1.475), (365.269474, 1.475), (365.269474, 0.525), (332.247826, 0.525)] call_backward:up_pipe
[(89.637365, 0.525), (89.637365, 1.475), (117.428106, 1.475), (117.428106, 0.525), (89.637365, 0.525)] call_backward
[(379.639578, 0.525), (379.639578, 1.475), (407.417359, 1.475), (407.417359, 0.525), (379.639578, 0.525)] call_backward
[(117.429162, 0.525), (117.429162, 1.475), (124.523863, 1.475), (124.523863, 0.525), (117.429162, 0.525)] nb_sync_grad:up_pipe
[(407.418415, 0.525), (407.418415, 1.475), (423.152958, 1.475), (423.152958, 0.525), (407.418415, 0.525)] nb_sync_grad:up_pipe
[(0.016621, -0.475), (0.016621, 0.475), (15.721688, 0.475), (15.721688, -0.475), (0.016621, -0.475)] call_forward:up_pipe
[(290.973435, -0.475), (290.973435, 0.475), (307.771393, 0.475), (307.771393, -0.475), (290.973435, -0.475)] call_forward:up_pipe
[(540.56814, -0.475), (540.56814, 0.475), (557.424367, 0.475), (557.424367, -0.475), (540.56814, -0.475)] call_forward:up_pipe
[(22.113013, -0.475), (22.113013, 0.475), (40.922862, 0.475), (40.922862, -0.475), (22.113013, -0.475)] call_forward
[(311.272077, -0.475), (311.272077, 0.475), (330.534405, 0.475), (330.534405, -0.475), (311.272077, -0.475)] call_forward
[(560.481695, -0.475), (560.481695, 0.475), (579.75183, 0.475), (579.75183, -0.475), (560.481695, -0.475)] call_forward
[(41.157933, -0.475), (41.157933, 0.475), (74.251673, 0.475), (74.251673, -0.475), (41.157933, -0.475)] call_backward
[(330.886082, -0.475), (330.886082, 0.475), (366.672159, 0.475), (366.672159, -0.475), (330.886082, -0.475)] call_backward
[(580.009684, -0.475), (580.009684, 0.475), (613.060929, 0.475), (613.060929, -0.475), (580.009684, -0.475)] call_backward
[(88.295565, -0.475), (88.295565, 0.475), (116.226324, 0.475), (116.226324, -0.475), (88.295565, -0.475)] call_backward:up_pipe
[(381.503695, -0.475), (381.503695, 0.475), (416.709647, 0.475), (416.709647, -0.475), (381.503695, -0.475)] call_backward:up_pipe
[(626.615927, -0.475), (626.615927, 0.475), (655.986486, 0.475), (655.986486, -0.475), (626.615927, -0.475)] call_backward:up_pipe
[(116.227636, -0.475), (116.227636, 0.475), (124.725894, 0.475), (124.725894, -0.475), (116.227636, -0.475)] nb_sync_grad
[(416.710831, -0.475), (416.710831, 0.475), (423.372906, 0.475), (423.372906, -0.475), (416.710831, -0.475)] nb_sync_grad
[(655.987766, -0.475), (655.987766, 0.475), (662.829393, 0.475), (662.829393, -0.475), (655.987766, -0.475)] nb_sync_grad
---shit----
[{'start_end': [(4194463028, 4317460846), (4485247924, 4616490792), (4734716621, 5211636033)], 'call_forward': [(4196953101, 4213131831), (4485754427, 4501393097), (None, None)], 'call_forward:up_pipe': [(4220706944, 4239501784), (4510445063, 4528886722), (None, None)], 'call_backward:up_pipe': [(4239847669, 4272907205), (4529200927, 4562222575), (None, None)], 'call_backward': [(4286590466, 4314381207), (4576592679, 4604370460), (None, None)], 'nb_sync_grad:up_pipe': [(4314382263, 4321476964), (4604371516, 4620106059)]}, {'start_end': [(4194700633, 4318665999), (4485462240, 4616489315), (4734931953, 4856134094)], 'call_forward:up_pipe': [(4196969722, 4212674789), (4487926536, 4504724494), (4737521241, 4754377468)], 'call_forward': [(4219066114, 4237875963), (4508225178, 4527487506), (4757434796, 4776704931)], 'call_backward': [(4238111034, 4271204774), (4527839183, 4563625260), (4776962785, 4810014030)], 'call_backward:up_pipe': [(4285248666, 4313179425), (4578456796, 4613662748), (4823569028, 4852939587)], 'nb_sync_grad': [(4313180737, 4321678995), (4613663932, 4620326007), (4852940867, 4859782494)]}]
[(0.0, 0.525), (0.0, 1.475), (16.17873, 1.475), (16.17873, 0.525), (0.0, 0.525)] call_forward
[(288.801326, 0.525), (288.801326, 1.475), (304.439996, 1.475), (304.439996, 0.525), (288.801326, 0.525)] call_forward
[(23.753843, 0.525), (23.753843, 1.475), (42.548683, 1.475), (42.548683, 0.525), (23.753843, 0.525)] call_forward:up_pipe
[(313.491962, 0.525), (313.491962, 1.475), (331.933621, 1.475), (331.933621, 0.525), (313.491962, 0.525)] call_forward:up_pipe
[(42.894568, 0.525), (42.894568, 1.475), (75.954104, 1.475), (75.954104, 0.525), (42.894568, 0.525)] call_backward:up_pipe
[(332.247826, 0.525), (332.247826, 1.475), (365.269474, 1.475), (365.269474, 0.525), (332.247826, 0.525)] call_backward:up_pipe
[(89.637365, 0.525), (89.637365, 1.475), (117.428106, 1.475), (117.428106, 0.525), (89.637365, 0.525)] call_backward
[(379.639578, 0.525), (379.639578, 1.475), (407.417359, 1.475), (407.417359, 0.525), (379.639578, 0.525)] call_backward
[(117.429162, 0.525), (117.429162, 1.475), (124.523863, 1.475), (124.523863, 0.525), (117.429162, 0.525)] nb_sync_grad:up_pipe
[(407.418415, 0.525), (407.418415, 1.475), (423.152958, 1.475), (423.152958, 0.525), (407.418415, 0.525)] nb_sync_grad:up_pipe
[(0.016621, -0.475), (0.016621, 0.475), (15.721688, 0.475), (15.721688, -0.475), (0.016621, -0.475)] call_forward:up_pipe
[(290.973435, -0.475), (290.973435, 0.475), (307.771393, 0.475), (307.771393, -0.475), (290.973435, -0.475)] call_forward:up_pipe
[(540.56814, -0.475), (540.56814, 0.475), (557.424367, 0.475), (557.424367, -0.475), (540.56814, -0.475)] call_forward:up_pipe
[(22.113013, -0.475), (22.113013, 0.475), (40.922862, 0.475), (40.922862, -0.475), (22.113013, -0.475)] call_forward
[(311.272077, -0.475), (311.272077, 0.475), (330.534405, 0.475), (330.534405, -0.475), (311.272077, -0.475)] call_forward
[(560.481695, -0.475), (560.481695, 0.475), (579.75183, 0.475), (579.75183, -0.475), (560.481695, -0.475)] call_forward
[(41.157933, -0.475), (41.157933, 0.475), (74.251673, 0.475), (74.251673, -0.475), (41.157933, -0.475)] call_backward
[(330.886082, -0.475), (330.886082, 0.475), (366.672159, 0.475), (366.672159, -0.475), (330.886082, -0.475)] call_backward
[(580.009684, -0.475), (580.009684, 0.475), (613.060929, 0.475), (613.060929, -0.475), (580.009684, -0.475)] call_backward
[(88.295565, -0.475), (88.295565, 0.475), (116.226324, 0.475), (116.226324, -0.475), (88.295565, -0.475)] call_backward:up_pipe
[(381.503695, -0.475), (381.503695, 0.475), (416.709647, 0.475), (416.709647, -0.475), (381.503695, -0.475)] call_backward:up_pipe
[(626.615927, -0.475), (626.615927, 0.475), (655.986486, 0.475), (655.986486, -0.475), (626.615927, -0.475)] call_backward:up_pipe
[(116.227636, -0.475), (116.227636, 0.475), (124.725894, 0.475), (124.725894, -0.475), (116.227636, -0.475)] nb_sync_grad
[(416.710831, -0.475), (416.710831, 0.475), (423.372906, 0.475), (423.372906, -0.475), (416.710831, -0.475)] nb_sync_grad
[(655.987766, -0.475), (655.987766, 0.475), (662.829393, 0.475), (662.829393, -0.475), (655.987766, -0.475)] nb_sync_grad
---shit----
[{'start_end': [(4194463028, 4317460846), (4485247924, 4616490792), (4734716621, 5211636033)], 'call_forward': [(4196953101, 4213131831), (4485754427, 4501393097), (None, None)], 'call_forward:up_pipe': [(4220706944, 4239501784), (4510445063, 4528886722), (None, None)], 'call_backward:up_pipe': [(4239847669, 4272907205), (4529200927, 4562222575), (None, None)], 'call_backward': [(4286590466, 4314381207), (4576592679, 4604370460), (None, None)], 'nb_sync_grad:up_pipe': [(4314382263, 4321476964), (4604371516, 4620106059)]}, {'start_end': [(4194700633, 4318665999), (4485462240, 4616489315), (4734931953, 4856134094)], 'call_forward:up_pipe': [(4196969722, 4212674789), (4487926536, 4504724494), (4737521241, 4754377468)], 'call_forward': [(4219066114, 4237875963), (4508225178, 4527487506), (4757434796, 4776704931)], 'call_backward': [(4238111034, 4271204774), (4527839183, 4563625260), (4776962785, 4810014030)], 'call_backward:up_pipe': [(4285248666, 4313179425), (4578456796, 4613662748), (4823569028, 4852939587)], 'nb_sync_grad': [(4313180737, 4321678995), (4613663932, 4620326007), (4852940867, 4859782494)]}]
[(0.0, 0.525), (0.0, 1.475), (16.17873, 1.475), (16.17873, 0.525), (0.0, 0.525)] call_forward
[(288.801326, 0.525), (288.801326, 1.475), (304.439996, 1.475), (304.439996, 0.525), (288.801326, 0.525)] call_forward
[(23.753843, 0.525), (23.753843, 1.475), (42.548683, 1.475), (42.548683, 0.525), (23.753843, 0.525)] call_forward:up_pipe
[(313.491962, 0.525), (313.491962, 1.475), (331.933621, 1.475), (331.933621, 0.525), (313.491962, 0.525)] call_forward:up_pipe
[(42.894568, 0.525), (42.894568, 1.475), (75.954104, 1.475), (75.954104, 0.525), (42.894568, 0.525)] call_backward:up_pipe
[(332.247826, 0.525), (332.247826, 1.475), (365.269474, 1.475), (365.269474, 0.525), (332.247826, 0.525)] call_backward:up_pipe
[(89.637365, 0.525), (89.637365, 1.475), (117.428106, 1.475), (117.428106, 0.525), (89.637365, 0.525)] call_backward
[(379.639578, 0.525), (379.639578, 1.475), (407.417359, 1.475), (407.417359, 0.525), (379.639578, 0.525)] call_backward
[(117.429162, 0.525), (117.429162, 1.475), (124.523863, 1.475), (124.523863, 0.525), (117.429162, 0.525)] nb_sync_grad:up_pipe
[(407.418415, 0.525), (407.418415, 1.475), (423.152958, 1.475), (423.152958, 0.525), (407.418415, 0.525)] nb_sync_grad:up_pipe
[(0.016621, -0.475), (0.016621, 0.475), (15.721688, 0.475), (15.721688, -0.475), (0.016621, -0.475)] call_forward:up_pipe
[(290.973435, -0.475), (290.973435, 0.475), (307.771393, 0.475), (307.771393, -0.475), (290.973435, -0.475)] call_forward:up_pipe
[(540.56814, -0.475), (540.56814, 0.475), (557.424367, 0.475), (557.424367, -0.475), (540.56814, -0.475)] call_forward:up_pipe
[(22.113013, -0.475), (22.113013, 0.475), (40.922862, 0.475), (40.922862, -0.475), (22.113013, -0.475)] call_forward
[(311.272077, -0.475), (311.272077, 0.475), (330.534405, 0.475), (330.534405, -0.475), (311.272077, -0.475)] call_forward
[(560.481695, -0.475), (560.481695, 0.475), (579.75183, 0.475), (579.75183, -0.475), (560.481695, -0.475)] call_forward
[(41.157933, -0.475), (41.157933, 0.475), (74.251673, 0.475), (74.251673, -0.475), (41.157933, -0.475)] call_backward
[(330.886082, -0.475), (330.886082, 0.475), (366.672159, 0.475), (366.672159, -0.475), (330.886082, -0.475)] call_backward
[(580.009684, -0.475), (580.009684, 0.475), (613.060929, 0.475), (613.060929, -0.475), (580.009684, -0.475)] call_backward
[(88.295565, -0.475), (88.295565, 0.475), (116.226324, 0.475), (116.226324, -0.475), (88.295565, -0.475)] call_backward:up_pipe
[(381.503695, -0.475), (381.503695, 0.475), (416.709647, 0.475), (416.709647, -0.475), (381.503695, -0.475)] call_backward:up_pipe
[(626.615927, -0.475), (626.615927, 0.475), (655.986486, 0.475), (655.986486, -0.475), (626.615927, -0.475)] call_backward:up_pipe
[(116.227636, -0.475), (116.227636, 0.475), (124.725894, 0.475), (124.725894, -0.475), (116.227636, -0.475)] nb_sync_grad
[(416.710831, -0.475), (416.710831, 0.475), (423.372906, 0.475), (423.372906, -0.475), (416.710831, -0.475)] nb_sync_grad
[(655.987766, -0.475), (655.987766, 0.475), (662.829393, 0.475), (662.829393, -0.475), (655.987766, -0.475)] nb_sync_grad



nn---shit----



[{'start_end': [(4194463028, 4317460846), (4485247924, 4616490792), (4734716621, 5211636033)], 'call_forward': [(4196953101, 4213131831), (4485754427, 4501393097), (None, None)], 'call_forward:up_pipe': [(4220706944, 4239501784), (4510445063, 4528886722), (None, None)], 'call_backward:up_pipe': [(4239847669, 4272907205), (4529200927, 4562222575), (None, None)], 'call_backward': [(4286590466, 4314381207), (4576592679, 4604370460), (None, None)], 'nb_sync_grad:up_pipe': [(4314382263, 4321476964), (4604371516, 4620106059)]}, {'start_end': [(4194700633, 4318665999), (4485462240, 4616489315), (4734931953, 4856134094)], 'call_forward:up_pipe': [(4196969722, 4212674789), (4487926536, 4504724494), (4737521241, 4754377468)], 'call_forward': [(4219066114, 4237875963), (4508225178, 4527487506), (4757434796, 4776704931)], 'call_backward': [(4238111034, 4271204774), (4527839183, 4563625260), (4776962785, 4810014030)], 'call_backward:up_pipe': [(4285248666, 4313179425), (4578456796, 4613662748), (4823569028, 4852939587)], 'nb_sync_grad': [(4313180737, 4321678995), (4613663932, 4620326007), (4852940867, 4859782494)]}]
[(0.0, 0.525), (0.0, 1.475), (16.17873, 1.475), (16.17873, 0.525), (0.0, 0.525)] call_forward
[(288.801326, 0.525), (288.801326, 1.475), (304.439996, 1.475), (304.439996, 0.525), (288.801326, 0.525)] call_forward
[(23.753843, 0.525), (23.753843, 1.475), (42.548683, 1.475), (42.548683, 0.525), (23.753843, 0.525)] call_forward:up_pipe
[(313.491962, 0.525), (313.491962, 1.475), (331.933621, 1.475), (331.933621, 0.525), (313.491962, 0.525)] call_forward:up_pipe
[(42.894568, 0.525), (42.894568, 1.475), (75.954104, 1.475), (75.954104, 0.525), (42.894568, 0.525)] call_backward:up_pipe
[(332.247826, 0.525), (332.247826, 1.475), (365.269474, 1.475), (365.269474, 0.525), (332.247826, 0.525)] call_backward:up_pipe
[(89.637365, 0.525), (89.637365, 1.475), (117.428106, 1.475), (117.428106, 0.525), (89.637365, 0.525)] call_backward
[(379.639578, 0.525), (379.639578, 1.475), (407.417359, 1.475), (407.417359, 0.525), (379.639578, 0.525)] call_backward
[(117.429162, 0.525), (117.429162, 1.475), (124.523863, 1.475), (124.523863, 0.525), (117.429162, 0.525)] nb_sync_grad:up_pipe
[(407.418415, 0.525), (407.418415, 1.475), (423.152958, 1.475), (423.152958, 0.525), (407.418415, 0.525)] nb_sync_grad:up_pipe
[(0.016621, -0.475), (0.016621, 0.475), (15.721688, 0.475), (15.721688, -0.475), (0.016621, -0.475)] call_forward:up_pipe
[(290.973435, -0.475), (290.973435, 0.475), (307.771393, 0.475), (307.771393, -0.475), (290.973435, -0.475)] call_forward:up_pipe
[(540.56814, -0.475), (540.56814, 0.475), (557.424367, 0.475), (557.424367, -0.475), (540.56814, -0.475)] call_forward:up_pipe
[(22.113013, -0.475), (22.113013, 0.475), (40.922862, 0.475), (40.922862, -0.475), (22.113013, -0.475)] call_forward
[(311.272077, -0.475), (311.272077, 0.475), (330.534405, 0.475), (330.534405, -0.475), (311.272077, -0.475)] call_forward
[(560.481695, -0.475), (560.481695, 0.475), (579.75183, 0.475), (579.75183, -0.475), (560.481695, -0.475)] call_forward
[(41.157933, -0.475), (41.157933, 0.475), (74.251673, 0.475), (74.251673, -0.475), (41.157933, -0.475)] call_backward
[(330.886082, -0.475), (330.886082, 0.475), (366.672159, 0.475), (366.672159, -0.475), (330.886082, -0.475)] call_backward
[(580.009684, -0.475), (580.009684, 0.475), (613.060929, 0.475), (613.060929, -0.475), (580.009684, -0.475)] call_backward
[(88.295565, -0.475), (88.295565, 0.475), (116.226324, 0.475), (116.226324, -0.475), (88.295565, -0.475)] call_backward:up_pipe
[(381.503695, -0.475), (381.503695, 0.475), (416.709647, 0.475), (416.709647, -0.475), (381.503695, -0.475)] call_backward:up_pipe
[(626.615927, -0.475), (626.615927, 0.475), (655.986486, 0.475), (655.986486, -0.475), (626.615927, -0.475)] call_backward:up_pipe
[(116.227636, -0.475), (116.227636, 0.475), (124.725894, 0.475), (124.725894, -0.475), (116.227636, -0.475)] nb_sync_grad
[(416.710831, -0.475), (416.710831, 0.475), (423.372906, 0.475), (423.372906, -0.475), (416.710831, -0.475)] nb_sync_grad
[(655.987766, -0.475), (655.987766, 0.475), (662.829393, 0.475), (662.829393, -0.475), (655.987766, -0.475)] nb_sync_grad



nn---shit----



[{'start_end': [(4194463028, 4317460846), (4485247924, 4616490792), (4734716621, 5211636033)], 'call_forward': [(4196953101, 4213131831), (4485754427, 4501393097), (None, None)], 'call_forward:up_pipe': [(4220706944, 4239501784), (4510445063, 4528886722), (None, None)], 'call_backward:up_pipe': [(4239847669, 4272907205), (4529200927, 4562222575), (None, None)], 'call_backward': [(4286590466, 4314381207), (4576592679, 4604370460), (None, None)], 'nb_sync_grad:up_pipe': [(4314382263, 4321476964), (4604371516, 4620106059)]}, {'start_end': [(4194700633, 4318665999), (4485462240, 4616489315), (4734931953, 4856134094)], 'call_forward:up_pipe': [(4196969722, 4212674789), (4487926536, 4504724494), (4737521241, 4754377468)], 'call_forward': [(4219066114, 4237875963), (4508225178, 4527487506), (4757434796, 4776704931)], 'call_backward': [(4238111034, 4271204774), (4527839183, 4563625260), (4776962785, 4810014030)], 'call_backward:up_pipe': [(4285248666, 4313179425), (4578456796, 4613662748), (4823569028, 4852939587)], 'nb_sync_grad': [(4313180737, 4321678995), (4613663932, 4620326007), (4852940867, 4859782494)]}]
t: 4485754427, min_time: 4196953101
t: 4196953101, min_time: 4196953101
t: 4213131831, min_time: 4196953101
[(0.0, 0.525), (0.0, 1.475), (16.17873, 1.475), (16.17873, 0.525), (0.0, 0.525)] call_forward
t: 4485754427, min_time: 4196953101
t: 4501393097, min_time: 4196953101
[(288.801326, 0.525), (288.801326, 1.475), (304.439996, 1.475), (304.439996, 0.525), (288.801326, 0.525)] call_forward
t: 4220706944, min_time: 4196953101
t: 4239501784, min_time: 4196953101
[(23.753843, 0.525), (23.753843, 1.475), (42.548683, 1.475), (42.548683, 0.525), (23.753843, 0.525)] call_forward:up_pipe
t: 4510445063, min_time: 4196953101
t: 4528886722, min_time: 4196953101
[(313.491962, 0.525), (313.491962, 1.475), (331.933621, 1.475), (331.933621, 0.525), (313.491962, 0.525)] call_forward:up_pipe
t: 4239847669, min_time: 4196953101
t: 4272907205, min_time: 4196953101
[(42.894568, 0.525), (42.894568, 1.475), (75.954104, 1.475), (75.954104, 0.525), (42.894568, 0.525)] call_backward:up_pipe
t: 4529200927, min_time: 4196953101
t: 4562222575, min_time: 4196953101
[(332.247826, 0.525), (332.247826, 1.475), (365.269474, 1.475), (365.269474, 0.525), (332.247826, 0.525)] call_backward:up_pipe
t: 4286590466, min_time: 4196953101
t: 4314381207, min_time: 4196953101
[(89.637365, 0.525), (89.637365, 1.475), (117.428106, 1.475), (117.428106, 0.525), (89.637365, 0.525)] call_backward
t: 4576592679, min_time: 4196953101
t: 4604370460, min_time: 4196953101
[(379.639578, 0.525), (379.639578, 1.475), (407.417359, 1.475), (407.417359, 0.525), (379.639578, 0.525)] call_backward
t: 4314382263, min_time: 4196953101
t: 4321476964, min_time: 4196953101
[(117.429162, 0.525), (117.429162, 1.475), (124.523863, 1.475), (124.523863, 0.525), (117.429162, 0.525)] nb_sync_grad:up_pipe
t: 4604371516, min_time: 4196953101
t: 4620106059, min_time: 4196953101
[(407.418415, 0.525), (407.418415, 1.475), (423.152958, 1.475), (423.152958, 0.525), (407.418415, 0.525)] nb_sync_grad:up_pipe
t: 4196969722, min_time: 4196953101
t: 4212674789, min_time: 4196953101
[(0.016621, -0.475), (0.016621, 0.475), (15.721688, 0.475), (15.721688, -0.475), (0.016621, -0.475)] call_forward:up_pipe
t: 4487926536, min_time: 4196953101
t: 4504724494, min_time: 4196953101
[(290.973435, -0.475), (290.973435, 0.475), (307.771393, 0.475), (307.771393, -0.475), (290.973435, -0.475)] call_forward:up_pipe
t: 4737521241, min_time: 4196953101
t: 4754377468, min_time: 4196953101
[(540.56814, -0.475), (540.56814, 0.475), (557.424367, 0.475), (557.424367, -0.475), (540.56814, -0.475)] call_forward:up_pipe
t: 4219066114, min_time: 4196953101
t: 4237875963, min_time: 4196953101
[(22.113013, -0.475), (22.113013, 0.475), (40.922862, 0.475), (40.922862, -0.475), (22.113013, -0.475)] call_forward
t: 4508225178, min_time: 4196953101
t: 4527487506, min_time: 4196953101
[(311.272077, -0.475), (311.272077, 0.475), (330.534405, 0.475), (330.534405, -0.475), (311.272077, -0.475)] call_forward
t: 4757434796, min_time: 4196953101
t: 4776704931, min_time: 4196953101
[(560.481695, -0.475), (560.481695, 0.475), (579.75183, 0.475), (579.75183, -0.475), (560.481695, -0.475)] call_forward
t: 4238111034, min_time: 4196953101
t: 4271204774, min_time: 4196953101
[(41.157933, -0.475), (41.157933, 0.475), (74.251673, 0.475), (74.251673, -0.475), (41.157933, -0.475)] call_backward
t: 4527839183, min_time: 4196953101
t: 4563625260, min_time: 4196953101
[(330.886082, -0.475), (330.886082, 0.475), (366.672159, 0.475), (366.672159, -0.475), (330.886082, -0.475)] call_backward
t: 4776962785, min_time: 4196953101
t: 4810014030, min_time: 4196953101
[(580.009684, -0.475), (580.009684, 0.475), (613.060929, 0.475), (613.060929, -0.475), (580.009684, -0.475)] call_backward
t: 4285248666, min_time: 4196953101
t: 4313179425, min_time: 4196953101
[(88.295565, -0.475), (88.295565, 0.475), (116.226324, 0.475), (116.226324, -0.475), (88.295565, -0.475)] call_backward:up_pipe
t: 4578456796, min_time: 4196953101
t: 4613662748, min_time: 4196953101
[(381.503695, -0.475), (381.503695, 0.475), (416.709647, 0.475), (416.709647, -0.475), (381.503695, -0.475)] call_backward:up_pipe
t: 4823569028, min_time: 4196953101
t: 4852939587, min_time: 4196953101
[(626.615927, -0.475), (626.615927, 0.475), (655.986486, 0.475), (655.986486, -0.475), (626.615927, -0.475)] call_backward:up_pipe
t: 4313180737, min_time: 4196953101
t: 4321678995, min_time: 4196953101
[(116.227636, -0.475), (116.227636, 0.475), (124.725894, 0.475), (124.725894, -0.475), (116.227636, -0.475)] nb_sync_grad
t: 4613663932, min_time: 4196953101
t: 4620326007, min_time: 4196953101
[(416.710831, -0.475), (416.710831, 0.475), (423.372906, 0.475), (423.372906, -0.475), (416.710831, -0.475)] nb_sync_grad
t: 4852940867, min_time: 4196953101
t: 4859782494, min_time: 4196953101
[(655.987766, -0.475), (655.987766, 0.475), (662.829393, 0.475), (662.829393, -0.475), (655.987766, -0.475)] nb_sync_grad
t: 4196953101, min_time: 4196953101
t: 5211636033, min_time: 4196953101



nn---shit----



[{'start_end': [(4194463028, 4317460846), (4485247924, 4616490792), (4734716621, 5211636033)], 'call_forward': [(4196953101, 4213131831), (4485754427, 4501393097), (None, None)], 'call_forward:up_pipe': [(4220706944, 4239501784), (4510445063, 4528886722), (None, None)], 'call_backward:up_pipe': [(4239847669, 4272907205), (4529200927, 4562222575), (None, None)], 'call_backward': [(4286590466, 4314381207), (4576592679, 4604370460), (None, None)], 'nb_sync_grad:up_pipe': [(4314382263, 4321476964), (4604371516, 4620106059)]}, {'start_end': [(4194700633, 4318665999), (4485462240, 4616489315), (4734931953, 4856134094)], 'call_forward:up_pipe': [(4196969722, 4212674789), (4487926536, 4504724494), (4737521241, 4754377468)], 'call_forward': [(4219066114, 4237875963), (4508225178, 4527487506), (4757434796, 4776704931)], 'call_backward': [(4238111034, 4271204774), (4527839183, 4563625260), (4776962785, 4810014030)], 'call_backward:up_pipe': [(4285248666, 4313179425), (4578456796, 4613662748), (4823569028, 4852939587)], 'nb_sync_grad': [(4313180737, 4321678995), (4613663932, 4620326007), (4852940867, 4859782494)]}]
t: 4485754427, min_time: 4196953101
t: None, min_time: 4196953101
t: 4485754427, min_time: 4196953101
t: 4196953101, min_time: 4196953101
t: 4213131831, min_time: 4196953101
[(0.0, 0.525), (0.0, 1.475), (16.17873, 1.475), (16.17873, 0.525), (0.0, 0.525)] call_forward
t: 4485754427, min_time: 4196953101
t: 4501393097, min_time: 4196953101
[(288.801326, 0.525), (288.801326, 1.475), (304.439996, 1.475), (304.439996, 0.525), (288.801326, 0.525)] call_forward
t: 4220706944, min_time: 4196953101
t: 4239501784, min_time: 4196953101
[(23.753843, 0.525), (23.753843, 1.475), (42.548683, 1.475), (42.548683, 0.525), (23.753843, 0.525)] call_forward:up_pipe
t: 4510445063, min_time: 4196953101
t: 4528886722, min_time: 4196953101
[(313.491962, 0.525), (313.491962, 1.475), (331.933621, 1.475), (331.933621, 0.525), (313.491962, 0.525)] call_forward:up_pipe
t: 4239847669, min_time: 4196953101
t: 4272907205, min_time: 4196953101
[(42.894568, 0.525), (42.894568, 1.475), (75.954104, 1.475), (75.954104, 0.525), (42.894568, 0.525)] call_backward:up_pipe
t: 4529200927, min_time: 4196953101
t: 4562222575, min_time: 4196953101
[(332.247826, 0.525), (332.247826, 1.475), (365.269474, 1.475), (365.269474, 0.525), (332.247826, 0.525)] call_backward:up_pipe
t: 4286590466, min_time: 4196953101
t: 4314381207, min_time: 4196953101
[(89.637365, 0.525), (89.637365, 1.475), (117.428106, 1.475), (117.428106, 0.525), (89.637365, 0.525)] call_backward
t: 4576592679, min_time: 4196953101
t: 4604370460, min_time: 4196953101
[(379.639578, 0.525), (379.639578, 1.475), (407.417359, 1.475), (407.417359, 0.525), (379.639578, 0.525)] call_backward
t: 4314382263, min_time: 4196953101
t: 4321476964, min_time: 4196953101
[(117.429162, 0.525), (117.429162, 1.475), (124.523863, 1.475), (124.523863, 0.525), (117.429162, 0.525)] nb_sync_grad:up_pipe
t: 4604371516, min_time: 4196953101
t: 4620106059, min_time: 4196953101
[(407.418415, 0.525), (407.418415, 1.475), (423.152958, 1.475), (423.152958, 0.525), (407.418415, 0.525)] nb_sync_grad:up_pipe
t: 4196969722, min_time: 4196953101
t: 4212674789, min_time: 4196953101
[(0.016621, -0.475), (0.016621, 0.475), (15.721688, 0.475), (15.721688, -0.475), (0.016621, -0.475)] call_forward:up_pipe
t: 4487926536, min_time: 4196953101
t: 4504724494, min_time: 4196953101
[(290.973435, -0.475), (290.973435, 0.475), (307.771393, 0.475), (307.771393, -0.475), (290.973435, -0.475)] call_forward:up_pipe
t: 4737521241, min_time: 4196953101
t: 4754377468, min_time: 4196953101
[(540.56814, -0.475), (540.56814, 0.475), (557.424367, 0.475), (557.424367, -0.475), (540.56814, -0.475)] call_forward:up_pipe
t: 4219066114, min_time: 4196953101
t: 4237875963, min_time: 4196953101
[(22.113013, -0.475), (22.113013, 0.475), (40.922862, 0.475), (40.922862, -0.475), (22.113013, -0.475)] call_forward
t: 4508225178, min_time: 4196953101
t: 4527487506, min_time: 4196953101
[(311.272077, -0.475), (311.272077, 0.475), (330.534405, 0.475), (330.534405, -0.475), (311.272077, -0.475)] call_forward
t: 4757434796, min_time: 4196953101
t: 4776704931, min_time: 4196953101
[(560.481695, -0.475), (560.481695, 0.475), (579.75183, 0.475), (579.75183, -0.475), (560.481695, -0.475)] call_forward
t: 4238111034, min_time: 4196953101
t: 4271204774, min_time: 4196953101
[(41.157933, -0.475), (41.157933, 0.475), (74.251673, 0.475), (74.251673, -0.475), (41.157933, -0.475)] call_backward
t: 4527839183, min_time: 4196953101
t: 4563625260, min_time: 4196953101
[(330.886082, -0.475), (330.886082, 0.475), (366.672159, 0.475), (366.672159, -0.475), (330.886082, -0.475)] call_backward
t: 4776962785, min_time: 4196953101
t: 4810014030, min_time: 4196953101
[(580.009684, -0.475), (580.009684, 0.475), (613.060929, 0.475), (613.060929, -0.475), (580.009684, -0.475)] call_backward
t: 4285248666, min_time: 4196953101
t: 4313179425, min_time: 4196953101
[(88.295565, -0.475), (88.295565, 0.475), (116.226324, 0.475), (116.226324, -0.475), (88.295565, -0.475)] call_backward:up_pipe
t: 4578456796, min_time: 4196953101
t: 4613662748, min_time: 4196953101
[(381.503695, -0.475), (381.503695, 0.475), (416.709647, 0.475), (416.709647, -0.475), (381.503695, -0.475)] call_backward:up_pipe
t: 4823569028, min_time: 4196953101
t: 4852939587, min_time: 4196953101
[(626.615927, -0.475), (626.615927, 0.475), (655.986486, 0.475), (655.986486, -0.475), (626.615927, -0.475)] call_backward:up_pipe
t: 4313180737, min_time: 4196953101
t: 4321678995, min_time: 4196953101
[(116.227636, -0.475), (116.227636, 0.475), (124.725894, 0.475), (124.725894, -0.475), (116.227636, -0.475)] nb_sync_grad
t: 4613663932, min_time: 4196953101
t: 4620326007, min_time: 4196953101
[(416.710831, -0.475), (416.710831, 0.475), (423.372906, 0.475), (423.372906, -0.475), (416.710831, -0.475)] nb_sync_grad
t: 4852940867, min_time: 4196953101
t: 4859782494, min_time: 4196953101
[(655.987766, -0.475), (655.987766, 0.475), (662.829393, 0.475), (662.829393, -0.475), (655.987766, -0.475)] nb_sync_grad
t: 4196953101, min_time: 4196953101
t: 5211636033, min_time: 4196953101



nn---shit----



t: 4485754427, min_time: 4196953101
t: None, min_time: 4196953101



nn---shit----



avg duration 208.295441



nn---shit----



avg duration 237.3994485



nn---shit----



avg duration 322.1663355



nn---shit----



avg duration 398.528747



nn---shit----



avg duration 509.311971



nn---shit----



avg duration 602.4910395



nn---shit----



avg duration 3385.7026365



nn---shit----



avg duration 4047.278424



nn---shit----



avg duration 4047.278424



nn---shit----



avg duration 4047.278424



nn---shit----



avg duration 4047.278424



nn---shit----



avg duration 4047.278424



nn---shit----



avg duration 4115.198587



nn---shit----



avg duration 4115.198587



nn---shit----



avg duration 4115.198587



nn---shit----



avg duration 4115.198587



nn---shit----



avg duration 4682.5657635



nn---shit----



avg duration 4682.5657635



nn---shit----



avg duration 4682.5657635



nn---shit----



avg duration 4682.5657635



nn---shit----



avg duration 4709.2225795



nn---shit----



avg duration 6498.9906605



nn---shit----



avg duration 6498.9906605



nn---shit----



avg duration 6498.9906605



nn---shit----



avg duration 6498.9906605



nn---shit----



avg duration 6498.9906605



nn---shit----



avg duration 6498.9906605



nn---shit----



avg duration 3976.6994125



nn---shit----



avg duration 3976.6994125



nn---shit----



avg duration 3799.6489045



nn---shit----



avg duration 3799.6489045



nn---shit----



avg duration 3799.6489045
